14.6
39.5
289.8
76
291
451.4
1642
274
842.2
97
61.6
23.2
5
2
0.6
71.2
264.4
411
1883.4
525.6
301.5
224.8
67.3
10
9.8000002
25.4
4.8
46.8
662.7
792.4
721.3
1089.4
303.2
179.7
60.4
4.4
17
128.6
79.870469
37.8
428.6
1306.5
445.4
1432.9
225.6
42.4
114.5
154.9
0.2
0
54.6
32
291
425.7
292.4
690.2
694.6
256.6
55.2
68
160.6
8.8
38.4
29.6
327.5086
188.2
1769.8
735.8
207.6
316
72.4
43.2
0
0.6
31.8
25.4
308.6
358.4
219
1201.6
408.4
410.3
444.8
21.6
24
97
78.7
149.8
839.8
302
681.2
999.5
761
178.1
82.6
0
8
64.5
82.9
407.3
298.5
810
758.4
1087.7
516.9
1981.8
22.2
0
10.037345
5.499134
15.3
148.6
248.6
254
543.7
536.6
296.8
920.1
226.4
47.4
94
13.8
88.9
11.9
462.5
529.1
435.9
1096.3
819.2
332.4
81.6
67.4
