
311.147888  
332.692543  
573.355826  
311.987873  
210.871179  
247.029539 
1080.792039
-248.654211  
720.151623  
-31.052544  
273.934956  
320.043289
301.547888  
295.192543  
284.155826  
307.187873  
184.271179  
206.629539 
1322.192039
2.945789  
179.451623   
96.747456  
279.634956  
306.843289
306.347888  
318.592543  
288.355826  
282.787873  
582.571179  
588.029539  
160.092039
566.745789  
181.151623   
51.647456  
272.734956  
301.243289
313.547888  
421.792543  
363.426295  
273.787873  
348.471179 
1102.129539 
-115.807961
910.245789  
103.551623  
-85.652544  
326.834956  
451.743289
296.747888  
293.192543  
338.155826  
267.987873  
210.871179  
221.329539 
-268.807961
167.545789  
572.551623  
128.547456  
267.534956  
364.843289
457.147888  
301.992543  
321.955826  
265.587873  
247.379779  
-16.170461 
1208.592039
213.145789   
85.551623  
187.947456  
284.734956  
340.043289
296.547888  
293.792543  
315.355826  
261.387873  
228.471179  
154.029539 
-342.207961
678.945789  
286.351623  
282.247456  
657.134956  
318.443289
320.547888  
390.192543  
362.255826  
385.787873  
759.671179   
97.629539  
119.992039
476.845789  
638.951623   
50.047456  
294.934956  
296.843289
304.547888  
357.692543  
366.455826  
643.287873  
218.371179  
605.629539  
197.192039
565.045789  
394.851623 
1853.747456  
234.534956  
296.843289
306.585233  
298.691677  
298.855826  
384.587873  
168.471179   
49.629539  
-17.507961
13.945789  
174.751623  
792.047456  
438.734956  
344.243289
390.547888  
306.992543  
372.455826  
247.887873  
382.371179  
324.729539 
-125.307961
573.645789  
697.151623  
204.347456  
293.934956  
364.243289
